,2004,2004,2004,2004,2004,2004,2004,2004,2004,2004,2004,2004,2005,2005,2005,2005,2005,2005,2005,2005,2005,2005,2005,2005,2006,2006,2006,2006,2006,2006,2006,2006,2006,2006,2006,2006,2007,2007,2007,2007,2007,2007,2007,2007,2007,2007,2007,2007,2008,2008,2008,2008,2008,2008,2008,2008,2008,2008,2008,2008,2009,2009,2009,2009,2009,2009,2009,2009,2009,2009,2009,2009,2010,2010,2010,2010,2010,2010,2010,2010,2010,2010,2010,2010,2011,2011,2011,2011,2011,2011,2011,2011,2011,2011,2011,2011,2012,2012,2012,2012,2012,2012,2012,2012,2012,2012,2012,2012,2013,2013,2013,2013,2013,2013,2013,2013,2013,2013,2013,2013,2014,2014,2014,2014,2014,2014,2014,2014,2014,2014,2014,2014,2015,2015,2015,2015,2015,2015,2015,2015,2015,2015,2015,2015,2016,2016,2016,2016,2016,2016,2016,2016,2016,2016,2016,2016
,Jan,Feb,Mar,Apr,May,Jun,Jul,Aug,Sep,Oct,Nov,Dec,Jan,Feb,Mar,Apr,May,Jun,Jul,Aug,Sep,Oct,Nov,Dec,Jan,Feb,Mar,Apr,May,Jun,Jul,Aug,Sep,Oct,Nov,Dec,Jan,Feb,Mar,Apr,May,Jun,Jul,Aug,Sep,Oct,Nov,Dec,Jan,Feb,Mar,Apr,May,Jun,Jul,Aug,Sep,Oct,Nov,Dec,Jan,Feb,Mar,Apr,May,Jun,Jul,Aug,Sep,Oct,Nov,Dec,Jan,Feb,Mar,Apr,May,Jun,Jul,Aug,Sep,Oct,Nov,Dec,Jan,Feb,Mar,Apr,May,Jun,Jul,Aug,Sep,Oct,Nov,Dec,Jan,Feb,Mar,Apr,May,Jun,Jul,Aug,Sep,Oct,Nov,Dec,Jan,Feb,Mar,Apr,May,Jun,Jul,Aug,Sep,Oct,Nov,Dec,Jan,Feb,Mar,Apr,May,Jun,Jul,Aug,Sep,Oct,Nov,Dec,Jan,Feb,Mar,Apr,May,Jun,Jul,Aug,Sep,Oct,Nov,Dec,Jan,Feb,Mar,Apr,May,Jun,Jul,Aug,Sep,Oct,Nov,Dec
Abandoned 911 Call,5,4,8,2,2,5,4,6,6,4,2,4,7,4,0,4,6,3,3,1,4,4,2,2,3,4,4,2,3,4,6,4,1,1,0,1,2,4,0,3,4,4,2,3,4,3,2,0,1,1,0,4,4,0,1,1,1,2,1,3,0,0,3,2,0,0,0,0,3,2,2,0,1,1,0,0,1,0,2,2,2,1,0,0,1,1,0,0,0,0,1,0,0,0,1,0,0,0,0,0,0,0,0,0,0,0,0,0,0,0,0,0,0,1,0,0,0,0,0,0,0,0,0,0,1,0,0,0,1,0,0,1,0,1,0,0,1,0,0,1,0,0,0,2,1,0,0,0,1,0,0,0,0,0,0,0
Abandoned Vehicle,81,63,97,82,107,83,113,97,84,81,76,63,73,65,87,103,85,83,75,91,65,61,71,73,72,54,60,60,71,44,49,75,42,52,39,47,37,54,72,48,56,43,50,64,56,44,28,31,49,48,51,40,54,49,42,47,43,47,34,41,32,37,45,50,26,33,48,51,49,62,19,32,38,32,55,31,46,30,61,67,39,37,37,30,45,51,62,63,52,53,60,89,80,82,123,136,137,168,132,133,83,56,57,78,46,48,39,25,63,44,56,65,43,25,39,69,64,54,55,32,50,103,107,112,60,41,94,97,193,161,124,130,168,100,165,135,164,147,72,245,254,205,174,172,171,203,159,147,121,66,83,85,100,122,86,93
Abduction,4,2,4,1,2,5,3,3,1,2,1,2,0,2,1,6,3,1,1,2,1,5,0,0,1,4,2,4,2,1,0,1,1,0,3,1,1,1,1,2,5,1,4,1,2,3,2,3,2,2,0,3,2,1,3,1,3,1,0,2,1,0,0,0,1,1,2,1,1,0,1,0,2,0,0,0,0,3,1,1,2,4,1,1,0,1,0,0,0,1,1,0,2,2,1,1,0,0,2,2,0,1,0,2,1,2,1,1,0,0,3,1,3,1,0,2,1,2,2,0,0,0,0,0,0,0,0,0,0,0,0,0,0,0,0,0,0,0,0,0,0,0,0,0,0,0,0,0,0,0,0,0,0,0,0,0
Abduction - Non-Parent,1,0,0,0,0,0,0,0,0,0,0,0,0,0,0,0,0,0,0,0,0,0,0,0,0,0,0,0,0,0,0,0,0,0,0,0,0,0,0,0,0,0,0,0,0,0,0,0,0,0,0,0,0,0,0,0,0,0,0,0,0,0,0,0,0,0,0,0,0,0,0,0,0,0,0,0,0,0,0,0,0,0,0,0,0,0,0,0,0,0,0,0,0,0,0,0,0,0,0,0,0,0,0,0,0,0,0,0,0,0,0,0,0,0,0,0,0,0,1,0,0,1,2,1,2,2,7,1,6,4,1,1,1,2,1,5,4,1,2,0,1,3,1,0,0,2,1,0,0,2,4,1,0,0,2,1
Abduction - Parent,1,2,1,1,1,3,0,3,1,2,3,1,2,4,1,0,0,0,4,1,2,1,0,0,2,0,6,1,2,3,0,3,4,3,0,4,3,0,1,0,0,1,2,2,1,2,2,0,0,0,2,0,1,1,1,2,1,3,1,3,1,0,1,0,2,1,0,3,0,3,2,2,2,0,1,3,1,2,1,0,1,1,4,1,1,1,2,1,1,1,1,1,1,4,0,0,0,0,2,2,0,0,2,3,0,3,0,2,1,0,1,2,1,1,1,3,1,1,0,2,0,1,1,0,1,0,1,2,1,1,1,2,1,0,2,2,2,3,2,0,1,1,0,2,1,2,1,2,1,2,1,0,0,1,0,0
Accident - Non-Vehicle,1,0,1,0,0,2,1,0,0,5,5,0,2,4,3,3,12,20,4,1,2,5,3,3,0,3,0,0,0,0,0,2,2,0,1,0,2,1,2,0,1,0,0,2,1,1,2,0,0,2,0,0,0,0,1,1,0,0,0,0,0,0,0,0,1,2,0,1,0,1,0,0,0,0,0,0,1,0,1,0,0,0,3,2,0,0,0,0,0,0,0,0,0,0,0,0,0,0,0,0,0,0,0,0,0,0,1,1,1,0,2,1,1,0,0,2,0,0,0,0,0,1,0,0,0,0,1,0,2,0,1,3,0,0,1,2,0,1,0,1,0,0,1,0,0,0,1,1,0,0,0,0,0,0,0,0
Administrative Duties,0,0,0,0,0,0,0,0,0,0,0,0,0,0,0,0,0,0,0,0,0,0,0,0,0,0,0,0,0,0,0,0,0,0,0,0,0,0,0,0,0,0,0,0,0,0,0,0,0,0,0,0,0,0,0,0,0,0,0,0,0,0,0,0,0,0,0,0,0,0,0,0,0,0,0,0,0,0,0,0,0,0,0,0,0,0,0,0,0,0,0,0,0,0,0,0,0,0,0,0,0,0,0,0,0,0,0,0,0,0,0,0,0,0,0,0,0,0,0,0,0,1,1,0,0,0,0,0,1,0,0,0,0,0,0,0,0,0,0,1,0,0,0,0,0,0,0,0,1,0,0,0,1,0,0,0
Alarm - Law Only,367,315,359,327,370,375,378,347,299,301,326,349,318,279,307,344,350,417,378,322,356,316,344,383,293,276,347,341,355,325,354,289,274,290,344,366,564,328,300,311,340,326,361,356,318,299,285,324,359,356,305,336,330,438,406,330,420,362,426,414,371,311,314,311,424,411,382,332,298,299,281,345,313,258,327,299,426,402,357,372,295,324,369,375,314,244,281,285,260,318,337,283,242,289,303,263,229,223,265,261,288,291,322,253,331,272,266,303,256,281,319,327,328,419,367,410,331,315,384,359,474,307,340,333,378,394,390,376,322,269,405,333,309,277,342,304,363,421,389,378,305,296,318,338,350,320,310,298,333,281,312,299,271,292,259,310
Animal Call,5,6,4,2,10,5,8,7,5,6,7,3,3,0,2,2,3,5,4,3,2,1,2,4,4,3,4,4,3,4,0,1,4,2,3,3,1,3,2,1,1,3,3,2,2,8,3,2,2,1,7,4,6,4,2,6,0,3,3,3,3,2,8,2,2,2,4,5,4,7,7,1,1,1,1,0,3,4,3,2,1,3,5,1,2,2,0,0,1,1,2,2,4,3,2,2,0,1,2,2,3,3,4,1,1,2,7,1,0,4,4,0,1,2,1,4,1,4,4,3,4,0,3,2,1,0,1,1,0,4,3,1,3,3,5,1,4,0,3,3,2,3,2,3,3,3,5,2,1,1,2,3,2,2,1,2
Animal Call - Past,0,0,0,0,0,1,0,0,0,0,1,1,0,2,0,0,0,0,0,0,1,1,0,0,0,0,0,1,0,0,0,0,0,0,0,0,1,2,1,0,1,0,0,0,0,1,0,0,0,0,0,1,0,0,0,0,0,0,0,0,0,0,0,0,0,0,0,0,0,0,1,0,0,0,0,0,1,0,1,0,1,0,0,1,0,0,0,0,0,0,0,0,0,0,0,0,0,0,0,0,0,0,0,1,0,0,0,0,0,0,0,0,0,0,0,0,0,0,0,0,0,0,0,0,0,0,0,1,0,0,0,0,0,0,1,0,0,0,1,0,1,0,0,0,0,0,0,0,0,0,0,0,0,0,0,0
Assault,100,100,104,97,114,120,135,113,99,123,76,80,67,75,89,87,94,121,144,113,97,106,78,87,93,94,91,88,117,112,100,93,111,91,79,88,84,78,100,95,117,127,104,116,112,94,94,74,83,79,78,93,98,122,109,115,104,87,79,59,66,51,92,98,95,94,120,104,115,79,84,69,54,72,66,92,110,110,105,115,86,104,90,54,82,78,71,89,108,111,129,99,87,115,73,85,87,60,90,81,113,101,125,107,103,106,92,64,76,70,95,81,134,129,97,107,98,63,88,73,49,46,75,77,90,79,106,115,103,74,69,70,66,60,92,79,100,101,91,98,101,98,69,66,74,79,94,73,104,65,84,69,98,70,62,53
Assault - Past,63,59,67,92,97,86,51,72,78,81,62,64,57,55,78,64,74,56,81,73,97,81,72,78,83,54,67,57,62,74,80,84,84,66,55,56,77,48,81,78,74,77,84,83,90,88,73,40,67,48,54,75,68,53,58,77,66,83,65,62,45,50,69,64,63,57,59,69,78,69,50,47,47,44,57,70,81,49,65,67,58,57,54,55,52,34,52,72,66,56,63,52,58,46,58,33,50,46,37,65,46,55,42,48,50,54,50,43,38,25,31,54,41,32,42,47,52,36,42,37,30,27,42,44,47,43,38,44,35,36,36,27,37,25,38,43,33,28,44,46,43,34,34,30,29,26,26,24,24,34,26,28,42,33,35,25
Assist An Agency,29,25,27,27,23,31,20,30,17,27,31,26,22,15,28,27,29,31,33,19,16,14,28,16,9,19,20,13,9,10,11,11,9,4,10,10,12,12,4,10,16,10,18,5,16,12,20,9,15,9,12,26,12,11,17,10,13,17,19,18,11,9,11,12,9,13,19,12,6,8,6,13,11,10,16,10,11,18,9,12,12,9,11,8,11,9,12,14,12,15,15,20,16,7,13,11,12,12,26,10,16,6,20,15,10,8,12,11,10,9,12,16,13,9,16,14,11,14,14,12,14,15,9,13,15,12,6,11,17,15,10,18,10,12,7,7,10,12,17,18,20,8,7,9,12,15,16,11,7,15,16,9,4,15,9,10
Assist Person,17,15,23,19,25,34,16,22,19,21,16,15,19,18,17,15,23,17,19,20,11,14,21,14,17,10,19,17,17,20,10,11,14,6,10,8,8,11,14,9,8,6,12,10,10,4,5,9,8,3,2,7,6,9,12,14,9,5,2,8,4,1,3,4,8,2,3,7,7,9,8,8,2,5,2,5,3,2,7,11,8,2,4,8,8,3,2,2,4,3,8,4,5,3,6,3,1,11,6,8,7,1,2,2,5,8,1,1,8,3,5,4,4,6,3,3,2,2,2,5,6,3,6,4,4,7,6,7,4,3,1,6,1,2,2,7,2,8,6,2,4,4,3,3,4,1,8,7,4,4,5,7,5,4,4,2
Auto Theft,7,5,4,8,5,3,3,9,9,14,10,2,11,7,17,8,14,7,11,6,14,5,16,13,31,29,24,31,66,53,56,49,48,65,54,53,76,56,41,57,61,51,38,63,49,69,42,47,38,43,43,43,49,55,67,96,66,56,57,57,53,41,38,44,44,41,57,67,54,57,65,47,47,38,57,59,65,67,85,81,59,57,48,64,61,31,44,58,46,62,64,64,69,91,68,55,56,35,45,29,52,53,67,60,60,49,51,32,38,41,42,59,55,52,70,49,43,42,35,37,44,24,46,33,35,38,50,51,51,56,38,56,47,42,42,39,43,59,54,47,68,51,45,31,29,47,41,34,35,39,52,76,43,50,40,61
Auto Theft - Past,9,6,9,4,10,15,12,8,14,6,7,8,5,8,3,5,13,9,12,15,7,14,10,13,19,7,10,12,19,11,17,28,9,16,12,18,22,21,25,20,18,23,17,20,37,37,23,14,19,18,22,18,19,26,30,40,32,28,25,28,25,15,16,10,13,15,16,24,15,13,20,10,12,10,16,15,18,14,29,18,34,30,31,28,20,24,26,30,21,36,27,34,43,34,36,41,32,22,34,39,45,50,63,63,66,47,50,49,40,36,42,66,48,67,81,65,73,62,67,53,77,51,61,56,68,83,75,98,68,102,61,62,70,43,39,83,76,84,86,75,76,67,59,56,57,59,65,57,87,52,72,116,69,85,111,84
Bomb Device Law,1,0,0,0,0,0,0,0,0,0,0,0,0,0,0,0,0,0,0,0,1,0,0,0,0,0,0,0,0,0,0,0,0,0,0,0,1,0,0,1,0,0,1,0,0,1,0,0,0,0,0,0,0,0,0,0,0,0,0,0,0,0,1,0,0,1,0,1,0,0,0,0,0,0,1,0,1,0,0,0,0,0,0,0,0,0,0,0,0,0,0,0,0,0,0,0,0,0,0,0,0,0,0,0,0,0,0,0,0,0,0,0,1,0,0,0,0,0,2,0,0,0,0,0,0,0,1,0,0,0,0,1,0,0,0,0,0,2,0,0,0,0,2,0,0,1,0,1,0,0,0,0,0,0,0,0
Break,0,0,0,0,0,0,0,0,0,0,0,0,0,0,0,0,0,0,0,0,0,0,0,0,0,0,0,0,0,0,0,0,0,0,0,0,0,0,0,0,0,0,0,0,0,0,0,0,0,0,0,0,0,0,0,0,0,0,0,0,0,0,0,0,0,0,0,0,0,0,0,0,0,0,0,0,0,0,0,0,0,0,0,0,0,0,0,0,0,0,0,0,0,0,0,0,0,0,0,0,0,0,0,0,0,0,0,0,0,0,0,0,0,0,0,0,0,0,0,0,1,2,0,1,0,0,1,0,0,0,1,0,0,0,0,1,0,1,0,0,0,0,0,0,0,0,0,0,0,0,0,0,0,0,0,0
Burglary - Commercial,9,6,11,6,8,12,17,8,6,6,11,5,4,0,3,4,6,9,7,3,8,8,8,3,3,15,6,8,4,2,4,9,18,14,3,2,6,5,9,14,8,13,10,5,6,7,13,6,9,6,10,3,12,7,7,6,5,9,9,6,14,9,10,5,5,2,4,20,9,13,15,11,10,13,4,14,10,6,6,13,7,13,11,11,7,9,8,3,7,17,7,12,6,8,5,9,12,8,4,6,16,11,8,21,6,11,8,4,10,9,12,14,8,7,13,6,7,6,13,9,5,7,4,2,8,9,6,9,6,9,5,1,9,9,5,13,13,17,8,5,8,7,10,13,9,4,5,6,10,6,12,17,9,7,10,7
Burglary - Commercial - Past,25,17,37,27,46,49,58,71,23,20,31,15,26,25,25,17,26,20,30,33,37,30,60,40,23,35,45,40,48,37,32,35,48,44,29,22,40,25,28,28,31,40,30,34,41,59,22,31,34,14,27,30,17,25,20,42,36,31,25,26,33,17,25,27,37,29,31,39,42,49,65,27,24,30,28,31,25,20,27,29,24,43,27,37,16,33,50,15,23,35,34,23,34,32,33,42,35,25,28,31,30,30,30,38,33,29,23,27,33,36,46,35,33,25,29,35,30,28,21,19,21,9,17,16,20,45,24,20,24,16,16,26,25,20,20,29,24,24,21,20,23,24,22,17,22,24,21,21,13,16,17,23,11,16,27,16
Burglary - Residential,30,18,17,12,23,39,30,22,24,17,17,23,16,14,18,25,25,14,25,29,19,13,16,23,18,14,22,19,20,22,16,23,24,31,19,23,26,24,21,26,20,21,32,26,16,27,37,30,17,20,10,19,16,20,31,20,34,25,25,27,17,14,24,17,30,17,29,25,31,21,35,30,17,21,15,25,38,25,23,33,33,21,18,27,13,12,14,22,41,33,39,32,38,25,25,22,33,15,21,23,36,39,27,32,30,31,31,23,34,22,25,36,24,41,35,38,31,30,29,26,25,23,15,23,27,22,19,33,17,23,24,23,24,21,12,29,28,20,27,31,33,25,30,26,26,30,36,14,22,20,28,40,21,23,20,28
Burglary - Residential - Past,86,68,70,89,105,106,87,119,105,75,69,83,84,68,64,82,76,101,119,128,119,93,93,103,101,58,108,84,104,94,126,113,118,111,119,95,150,84,104,110,99,112,111,128,128,114,127,119,97,85,101,94,127,116,132,159,157,120,134,135,143,98,140,124,115,124,129,118,108,101,128,91,88,94,106,108,132,120,117,144,142,121,105,84,90,66,82,112,118,160,137,160,124,108,108,138,124,78,120,131,132,141,142,129,104,128,144,121,116,86,113,111,139,141,133,126,131,122,116,94,99,77,90,96,110,114,101,100,113,89,90,101,93,70,75,80,105,95,92,102,129,86,110,101,97,89,84,75,101,77,91,98,64,63,74,80
Check Building,5,5,12,3,7,3,5,10,7,8,5,4,7,4,7,6,5,4,9,7,1,5,4,5,3,4,7,9,5,7,7,2,4,9,7,7,8,4,6,5,2,8,12,8,7,4,5,5,3,5,10,7,7,5,10,8,4,5,9,6,2,3,9,8,2,3,1,7,4,7,4,3,5,6,9,8,7,4,5,6,5,3,5,5,1,5,3,5,2,5,4,7,6,2,1,2,2,5,1,2,2,2,1,3,1,0,5,3,2,6,3,1,1,4,6,2,2,3,3,2,0,2,4,2,3,1,4,3,2,2,5,6,2,4,2,3,3,3,4,2,1,1,4,3,2,2,2,2,0,0,2,6,1,0,1,1
Check Person,150,116,159,153,149,153,133,166,155,117,110,106,151,137,221,189,171,182,218,170,170,170,127,119,152,107,135,126,154,115,111,116,158,123,108,94,102,105,121,121,129,111,107,72,71,76,70,58,62,79,69,88,84,64,80,88,95,85,52,56,67,50,62,75,54,67,75,78,84,71,71,69,59,57,72,71,82,97,86,92,79,70,55,39,64,42,56,56,56,48,42,50,60,43,33,36,33,32,31,39,42,43,37,45,46,26,22,26,37,29,21,23,28,33,37,38,27,38,20,30,18,26,39,41,31,23,33,16,27,20,14,27,24,18,21,19,14,32,31,29,33,17,19,20,12,29,19,12,21,10,8,25,14,17,19,15
Check Person - Weapon,8,2,7,6,7,9,6,5,5,4,7,3,18,2,2,10,4,7,9,11,7,11,4,3,6,5,5,7,10,9,11,8,7,9,8,4,7,3,12,7,7,9,10,6,8,7,3,6,3,2,9,9,6,5,6,9,5,12,5,7,8,3,8,7,2,4,4,5,10,6,11,3,4,2,3,7,5,4,9,6,5,9,4,3,5,2,2,6,2,11,3,5,5,14,8,8,6,5,8,3,6,6,10,5,7,6,7,5,8,10,6,10,6,4,3,7,6,8,2,5,6,8,7,6,5,13,8,15,9,19,5,4,7,3,4,14,10,9,10,7,6,6,5,13,6,6,6,8,10,11,11,11,7,9,8,6
Check Vehicle,17,12,37,17,14,16,20,13,15,14,22,13,13,12,13,21,10,15,21,18,16,17,26,23,15,26,17,14,12,20,16,15,17,13,5,10,15,6,12,21,10,16,11,11,6,11,7,7,10,7,5,11,5,9,9,14,9,7,9,11,15,4,7,7,10,11,8,12,11,7,7,11,11,7,19,17,19,10,18,13,12,15,8,4,17,10,6,11,10,14,12,9,9,8,8,7,5,10,5,12,8,12,10,3,7,5,5,7,11,7,5,5,9,7,7,13,8,6,10,10,7,6,8,8,12,11,8,12,9,5,7,7,8,8,13,12,9,9,17,10,11,17,8,12,6,7,8,13,12,8,7,12,8,10,8,13
Check Well-Being,61,59,75,78,89,82,99,82,79,92,50,69,85,60,76,78,76,78,83,110,71,86,60,64,77,76,83,69,50,50,63,74,48,61,48,57,72,53,75,63,76,86,63,61,64,54,59,53,66,59,63,78,78,79,90,78,75,70,51,50,60,55,61,76,81,64,73,54,64,75,62,57,64,59,68,79,71,68,80,66,54,66,45,58,60,40,53,45,56,77,67,64,50,48,41,36,45,66,63,82,68,72,68,78,60,64,48,59,56,34,49,65,54,56,54,60,60,58,68,72,71,79,75,69,67,71,75,66,95,79,66,73,62,74,60,80,89,71,91,67,95,71,70,82,75,82,84,64,76,75,70,66,70,71,58,67
Check Well-Being - Comb,8,0,0,0,0,0,0,0,0,0,0,0,0,0,0,0,0,1,0,0,0,0,0,0,0,0,0,0,0,0,0,0,0,0,0,0,0,0,0,0,0,0,0,0,0,0,0,0,0,0,0,0,0,0,0,0,0,0,0,0,0,0,0,0,0,0,0,0,0,0,0,0,0,0,0,0,0,0,0,0,0,0,0,0,0,0,0,0,0,0,0,0,0,0,0,0,0,0,0,0,0,0,0,0,0,0,0,0,0,0,0,0,0,0,0,0,0,0,0,0,0,0,0,0,0,0,0,0,0,0,0,0,0,0,0,0,0,0,0,0,0,0,0,0,0,0,0,0,0,0,0,0,0,0,0,0
Child Abuse,28,32,42,32,26,28,31,36,26,31,44,38,52,39,30,39,47,34,38,27,39,40,39,37,41,33,50,42,47,38,38,45,37,50,38,31,44,56,50,48,58,46,39,37,50,54,44,32,52,32,37,53,73,39,39,36,58,69,46,54,45,43,39,35,49,29,41,36,36,33,31,38,33,44,49,43,56,32,35,47,54,51,46,37,45,45,54,53,57,46,43,40,57,48,40,27,51,60,54,45,45,43,41,41,44,33,48,34,41,48,47,49,41,39,48,53,61,49,45,47,44,37,39,60,50,36,26,60,47,48,42,56,41,29,45,60,43,40,40,50,45,38,39,41,44,43,39,42,33,27,27,41,40,33,32,18
Citizen Contact Info,0,0,0,0,0,0,2,0,0,0,0,0,0,0,0,0,0,0,0,0,0,0,0,0,0,0,0,0,0,0,0,0,0,0,0,0,0,0,0,0,0,0,0,0,0,0,0,0,0,0,0,0,0,0,0,0,0,0,0,0,0,0,0,0,0,0,0,0,0,0,0,0,0,0,0,0,0,0,0,0,0,0,0,0,0,0,0,0,0,0,0,0,0,0,0,0,0,0,0,0,0,0,0,0,0,0,0,0,0,0,0,0,0,0,0,0,0,0,0,0,0,0,0,0,0,0,0,0,0,0,0,0,0,0,0,0,0,0,0,0,0,0,0,0,0,0,0,0,0,0,0,0,0,0,0,0
Civil,0,0,0,0,0,2,0,1,0,0,0,1,1,0,1,0,0,1,0,1,0,1,2,0,0,1,1,2,2,1,3,3,1,0,0,3,1,2,0,3,3,5,2,6,2,4,1,4,6,6,1,6,6,7,7,5,2,3,2,6,2,4,2,7,5,5,1,6,5,3,6,2,4,3,4,3,2,10,6,3,3,3,4,4,2,0,2,2,9,1,1,5,0,3,4,3,3,3,2,1,2,4,4,6,1,6,3,4,7,3,5,2,3,4,3,3,3,8,4,5,2,1,4,5,2,6,17,12,8,5,6,13,4,8,8,11,3,14,14,13,12,10,9,8,5,6,9,4,2,5,8,16,8,9,5,4
Combined Ems Call,11,0,0,0,0,0,0,0,0,0,0,0,0,0,0,0,0,0,0,0,0,0,0,0,0,0,0,0,0,0,0,0,0,0,0,0,0,0,0,0,0,0,0,0,0,0,0,0,0,0,0,0,0,0,0,0,0,0,0,0,0,0,0,0,0,0,0,0,0,0,0,0,0,0,0,0,0,0,0,0,0,0,0,0,0,0,0,0,0,0,0,0,0,0,0,0,0,0,0,0,0,0,0,0,0,0,0,0,0,0,0,0,0,0,0,0,0,0,0,0,0,0,0,0,0,0,0,0,0,0,0,0,0,0,0,0,0,0,0,0,0,0,0,0,0,0,0,0,0,0,0,0,0,0,0,0
Combined Industrial,1,0,0,0,0,0,0,0,0,0,0,0,0,0,0,0,0,0,0,0,0,0,0,0,0,0,0,0,0,0,0,0,0,0,0,0,0,0,0,0,0,0,0,0,0,0,0,0,0,0,0,0,0,0,0,0,0,0,0,0,0,0,0,0,0,0,0,0,0,0,0,0,0,0,0,0,0,0,0,0,0,0,0,0,0,0,0,0,0,0,0,0,0,0,0,0,0,0,0,0,0,0,0,0,0,0,0,0,0,0,0,0,0,0,0,0,0,0,0,0,0,0,0,0,0,0,0,0,0,0,0,0,0,0,0,0,0,0,0,0,0,0,0,0,0,0,0,0,0,0,0,0,0,0,0,0
Community Event,3,1,0,1,1,0,0,0,0,0,0,0,0,0,0,0,0,0,0,0,0,1,0,0,0,0,0,0,0,0,0,1,0,0,0,0,0,0,0,0,0,0,0,0,0,1,0,0,0,0,0,0,0,0,0,1,0,0,0,0,0,0,0,0,0,0,0,0,0,0,0,0,0,0,0,0,0,0,0,0,0,1,0,0,0,0,1,0,0,0,0,0,0,0,0,0,0,0,0,0,0,0,0,0,0,0,0,0,0,0,0,0,0,0,0,0,0,0,0,0,0,0,0,0,0,0,0,0,0,0,0,0,0,0,0,0,0,0,0,0,0,0,0,0,0,0,0,0,0,0,0,0,0,0,0,0
Court Appearance,0,0,0,0,0,0,0,0,0,0,0,0,0,0,0,0,0,0,0,0,0,0,0,0,0,0,0,0,0,0,0,0,0,0,0,0,0,0,0,0,0,0,0,0,0,0,0,0,0,0,0,0,0,0,0,0,0,0,0,0,0,0,0,0,0,0,0,0,0,0,0,0,0,0,0,0,0,0,0,0,0,0,0,0,0,0,0,0,0,0,0,0,0,0,0,0,0,0,0,0,0,0,0,0,0,0,0,0,0,0,0,0,0,0,0,0,0,0,0,0,0,0,0,0,0,0,0,0,1,0,0,0,0,0,0,0,0,0,0,0,0,0,0,0,0,0,0,0,0,0,0,0,0,0,0,0
Deceased Person,22,13,14,17,18,14,11,10,14,12,8,17,32,14,22,14,26,23,18,9,7,22,19,28,9,22,17,15,16,18,16,11,23,17,19,16,17,14,17,9,18,14,19,11,14,14,15,15,23,13,16,17,13,21,19,16,17,21,19,16,16,17,23,14,14,26,12,13,15,14,17,11,21,15,30,13,13,28,18,10,19,20,17,25,20,22,17,16,10,21,20,20,18,13,14,16,16,13,25,16,18,10,15,21,19,19,22,13,30,13,30,23,17,14,17,17,13,21,8,21,24,19,19,14,15,17,22,21,14,10,21,27,16,29,22,19,20,27,16,14,26,18,20,13,20,20,23,18,17,14,19,13,23,13,19,19
Disturbance - Domestic,303,273,315,296,374,277,337,308,320,317,312,291,295,291,298,350,405,322,384,352,324,327,307,332,316,283,352,317,351,333,335,329,346,334,319,327,326,303,343,330,356,340,385,328,341,328,304,275,324,278,324,305,354,383,340,370,336,296,299,289,301,264,314,333,375,352,335,351,321,347,337,292,336,289,344,380,456,392,403,416,375,411,349,334,315,300,268,293,252,237,257,175,89,78,66,72,67,57,82,83,62,90,81,79,69,63,86,69,57,46,60,52,64,72,71,85,91,65,51,46,55,53,53,76,66,63,56,47,57,61,36,39,42,48,58,57,63,57,65,76,76,47,48,59,59,57,58,60,53,57,62,56,43,42,62,45
Disturbance - Domestic - Past,41,53,50,93,67,59,89,76,86,73,71,67,64,62,63,54,107,79,94,67,59,89,76,96,88,54,96,80,97,100,126,110,89,109,104,83,100,70,102,89,107,119,122,120,102,85,86,76,71,71,95,92,88,109,104,103,102,113,80,92,94,68,79,107,109,111,125,131,111,81,111,94,95,92,105,117,117,125,126,130,112,114,106,91,101,71,89,79,79,74,56,43,32,15,24,20,25,19,17,20,23,20,20,28,17,16,20,9,9,3,13,16,10,19,16,13,12,12,14,16,15,12,15,11,13,20,8,9,12,26,9,15,5,7,21,10,6,9,19,15,9,18,10,8,11,12,13,9,18,11,12,16,5,10,5,8
Disturbance - General,128,109,132,128,138,121,132,133,104,135,92,87,89,111,103,138,138,133,153,141,118,125,103,94,96,76,126,108,112,110,98,124,108,106,69,83,81,75,85,116,110,109,99,103,86,84,70,69,66,71,65,96,103,109,96,128,98,115,87,55,71,65,93,94,93,101,88,118,76,94,92,75,64,41,67,108,108,83,91,93,98,87,91,59,66,49,63,58,55,58,61,60,46,49,35,33,40,31,50,37,45,40,52,42,43,44,33,37,38,27,36,31,43,54,41,54,43,20,39,37,31,22,28,38,38,33,35,22,41,37,34,20,21,22,35,20,43,36,41,46,31,46,26,24,27,24,31,37,38,32,32,31,24,21,22,13
Disturbance - General - Past,14,10,18,23,19,14,16,22,17,24,10,9,14,9,22,28,22,18,20,24,10,13,8,17,20,22,17,12,11,15,18,26,29,14,11,16,15,16,16,16,24,25,17,13,13,12,24,17,11,14,15,16,19,13,20,18,18,25,7,13,10,10,13,14,8,13,15,9,7,8,6,4,7,8,7,5,7,9,6,2,10,9,6,5,9,5,10,8,9,8,13,9,8,9,6,7,2,6,7,6,6,7,12,11,11,10,9,3,7,4,10,4,6,6,5,5,4,3,7,5,6,5,8,11,8,6,4,2,5,3,5,3,6,5,9,8,9,2,8,10,11,10,8,3,8,5,8,2,5,6,4,5,4,3,4,5
Driving Intoxicated,124,101,88,98,147,94,98,103,67,91,82,90,87,89,84,76,52,47,80,73,89,90,84,88,74,45,49,60,72,61,76,77,70,51,56,61,55,71,87,81,92,74,98,144,131,104,93,112,70,102,98,83,102,75,72,93,77,87,65,103,133,74,115,118,97,88,89,95,76,84,81,91,84,94,99,66,69,64,89,89,62,76,88,76,60,102,122,132,101,80,111,119,102,122,117,154,123,113,125,107,111,84,109,106,134,94,79,73,70,87,96,84,72,62,63,98,65,99,75,70,86,67,90,81,73,50,34,45,39,50,46,48,45,51,42,45,48,43,55,60,46,43,57,50,63,58,66,52,45,37,30,51,31,47,30,39
Drugs,103,149,128,129,121,115,118,129,145,143,128,119,150,165,161,130,108,123,138,133,140,146,133,149,187,124,136,128,158,137,140,144,121,145,137,113,142,169,177,136,160,161,167,188,136,145,136,114,168,127,158,147,152,128,142,109,132,127,111,105,125,126,153,114,146,146,127,120,130,135,123,111,155,148,161,176,144,166,121,146,158,158,123,112,118,126,184,169,152,153,146,110,153,174,155,155,187,200,196,171,173,159,172,170,147,136,164,148,156,183,151,168,178,159,156,169,173,185,150,146,172,165,161,178,182,141,147,145,147,153,153,167,216,145,197,197,161,150,199,172,218,193,180,174,168,183,224,165,195,145,129,158,120,140,128,105
Drugs - Past,1,1,1,0,0,0,0,0,0,0,0,0,0,0,0,0,2,0,0,0,0,1,0,1,0,0,0,0,0,0,0,1,0,1,0,1,0,2,1,1,0,1,0,0,0,0,1,1,0,1,2,0,4,0,1,2,3,0,0,0,0,1,2,0,0,1,0,1,1,0,0,0,0,0,0,0,1,0,0,0,1,0,0,0,0,1,1,1,2,0,1,2,0,2,1,2,0,3,2,1,1,0,1,0,0,4,2,3,0,2,1,1,1,2,0,0,2,1,0,0,3,5,3,2,1,3,7,6,6,2,9,7,5,5,9,12,6,11,2,6,4,6,1,3,8,8,6,10,3,6,1,6,4,3,6,2
Drunk Person,0,0,0,0,2,0,0,0,0,0,0,0,0,0,0,0,0,0,0,0,0,0,0,0,0,0,1,0,2,0,0,2,4,1,1,0,0,0,1,2,0,1,1,1,1,0,0,0,0,0,1,0,0,2,2,0,1,0,0,0,0,0,0,1,0,0,4,2,1,0,0,0,0,0,1,3,0,0,1,0,0,3,0,0,0,0,0,0,0,0,0,1,1,2,0,0,0,0,0,2,1,3,1,6,1,0,0,0,0,0,0,1,2,0,0,0,0,1,0,0,0,0,0,0,0,0,2,0,0,1,0,0,0,1,0,0,0,1,0,0,0,0,2,1,0,0,0,0,1,0,0,0,0,0,0,0
Elder Abuse,1,0,1,0,0,1,0,1,0,0,0,0,0,0,0,1,0,0,0,0,0,0,2,1,0,0,0,0,0,1,0,0,0,0,0,1,0,1,1,0,0,2,1,0,0,1,0,1,1,0,1,0,0,1,0,0,1,0,0,0,1,2,0,1,0,1,0,0,1,0,0,0,0,1,0,0,1,0,0,2,0,0,0,0,0,1,1,0,0,3,0,1,0,0,1,0,0,1,1,0,0,0,0,0,3,3,0,2,0,2,2,1,1,1,3,2,5,1,0,1,1,3,0,1,0,2,2,1,1,1,2,1,3,0,0,3,1,1,1,1,1,3,0,2,0,5,1,0,0,2,1,2,0,1,3,2
Emergency Message Relay,0,0,0,0,1,0,0,0,0,0,0,0,0,0,0,0,0,0,0,0,0,0,0,0,0,0,0,0,0,0,0,1,0,0,0,0,0,0,0,0,0,0,0,0,0,0,0,0,0,0,0,0,0,0,0,0,0,0,0,0,0,0,0,0,0,0,0,0,0,0,0,0,0,0,0,0,0,0,0,0,0,0,0,0,0,0,0,0,0,0,0,0,0,0,0,0,0,0,0,0,0,0,0,0,0,0,0,0,0,0,0,0,0,0,0,0,0,0,0,0,0,0,0,0,0,0,0,0,0,0,0,0,0,0,0,0,0,0,0,0,0,0,0,0,0,0,0,0,0,0,0,0,0,0,0,0
Fail To Return Borrowed Vehicle,7,6,5,4,3,2,6,6,6,9,3,4,1,3,5,7,10,4,2,3,2,6,4,7,6,2,7,4,4,6,3,6,2,1,4,10,9,5,8,9,10,7,8,10,4,7,10,4,5,10,8,6,13,5,8,12,11,6,8,2,9,3,8,6,6,5,9,5,8,9,5,6,4,3,7,4,11,6,5,5,7,9,1,10,7,4,4,6,9,12,9,12,9,10,12,7,12,9,7,7,7,8,16,10,9,19,9,9,4,10,6,8,6,7,11,13,13,15,9,12,10,5,12,5,8,6,11,15,17,8,5,15,11,14,9,12,7,8,12,16,20,8,16,16,12,13,11,17,15,14,12,12,10,6,10,13
Fail To Return Leased Property,1,5,8,12,1,2,1,8,2,6,5,3,2,0,3,0,5,1,9,15,3,5,18,2,11,3,2,18,5,2,1,10,0,9,2,5,5,1,4,8,9,5,4,6,0,2,5,11,14,18,12,15,6,5,8,7,12,5,3,4,2,0,4,5,3,8,10,14,13,7,13,2,7,7,4,4,2,2,6,1,4,3,2,5,7,0,3,2,3,1,7,10,0,6,4,15,3,2,3,6,9,6,3,8,1,2,4,7,2,1,8,3,4,0,3,2,0,1,0,1,8,1,3,0,0,5,4,2,5,6,1,6,2,1,7,4,6,2,5,6,2,1,3,3,3,3,1,2,2,1,1,6,0,1,1,3
Fireworks,0,0,0,2,0,2,5,3,1,2,0,0,0,0,0,1,0,2,5,0,0,0,0,1,0,0,0,0,0,1,4,0,0,0,0,0,0,0,0,0,0,2,9,1,1,1,0,0,1,2,0,0,0,1,4,0,0,1,0,1,0,0,0,0,0,1,5,0,0,1,0,0,0,0,0,0,1,1,3,0,1,0,0,0,0,0,0,0,0,3,7,0,0,0,0,0,0,0,0,0,0,0,2,0,1,0,0,1,0,1,0,0,0,0,0,1,0,0,0,0,0,0,0,0,0,1,2,0,0,0,0,0,0,1,0,1,0,0,0,0,0,0,0,0,0,0,0,0,0,0,2,0,0,0,0,0
Follow Up,0,0,0,0,0,0,0,0,0,0,0,0,0,0,0,0,0,0,0,0,0,0,0,0,0,0,0,0,0,0,0,0,0,0,0,0,0,0,0,0,0,0,0,0,0,0,0,0,0,0,0,0,0,0,0,0,0,0,0,0,0,0,0,0,0,0,0,0,0,0,0,0,0,0,0,0,0,0,0,0,0,0,0,0,0,0,0,0,0,0,0,0,0,0,0,0,0,0,0,0,0,0,0,0,0,0,0,0,0,0,0,0,0,0,0,0,0,0,0,1,1,1,1,1,1,1,1,0,0,2,1,1,2,1,0,0,0,0,1,0,1,2,0,0,0,0,0,0,0,1,0,1,1,0,0,0
Foot Pursuit,1,1,3,2,1,2,2,0,4,3,1,0,5,2,1,1,0,0,0,0,2,0,1,1,0,2,1,3,4,1,3,1,0,1,0,1,0,0,0,1,1,2,1,1,2,1,0,0,0,2,1,2,1,1,1,1,0,2,1,0,1,1,3,0,0,6,1,0,1,0,0,1,1,0,1,2,2,3,2,0,0,2,0,2,2,2,2,0,3,1,3,1,2,1,0,1,0,2,1,1,0,1,0,0,0,0,2,0,0,0,0,0,0,0,4,0,1,0,0,0,0,0,1,0,0,0,1,0,0,0,0,0,0,0,2,1,0,2,1,0,0,0,1,1,0,0,0,1,0,1,1,2,0,0,0,0
Forgery,13,19,8,13,17,12,9,14,13,14,11,9,11,10,10,21,30,17,20,36,15,25,29,13,23,10,27,49,31,20,19,33,11,22,17,12,20,17,14,31,9,18,16,24,20,15,11,18,29,8,16,21,18,14,10,11,20,17,25,17,13,22,13,13,17,16,19,18,20,14,22,24,20,17,20,20,21,15,23,36,17,20,24,13,16,18,20,24,33,28,40,41,24,23,30,22,46,17,25,15,32,32,24,20,11,20,18,18,29,15,32,26,15,26,42,25,26,25,8,12,18,9,10,9,21,15,18,14,13,20,10,19,23,11,15,23,30,13,19,19,28,20,25,22,17,12,8,18,28,7,14,14,10,16,11,14
Forgery - Past,0,0,0,0,0,0,0,0,0,0,0,0,0,0,0,0,0,0,0,0,0,0,0,0,0,0,0,0,0,0,0,0,0,0,0,0,0,0,0,0,0,0,0,0,0,0,0,0,0,0,0,0,0,0,0,0,0,0,0,0,0,0,0,0,0,0,0,0,0,0,0,0,0,0,0,0,0,0,0,0,0,0,0,0,0,0,0,0,0,0,0,0,0,0,0,0,0,0,0,0,0,0,0,0,0,0,0,0,0,0,0,0,0,0,0,0,0,0,32,25,23,12,19,15,23,16,20,20,23,14,20,15,44,19,11,21,34,30,35,24,31,28,36,19,18,8,28,15,31,11,16,16,12,33,20,17
Found Property,62,68,68,67,101,91,93,90,83,59,57,43,60,60,64,94,84,91,107,107,92,98,75,83,79,109,89,87,95,78,98,105,76,82,77,78,58,72,82,82,89,78,96,116,83,105,67,71,79,54,48,73,75,87,86,115,89,92,82,61,49,58,68,63,69,67,80,65,68,41,54,34,40,29,51,53,58,71,80,60,51,54,62,41,39,39,44,57,53,60,67,65,54,61,66,47,60,49,63,61,71,83,79,74,58,67,77,59,58,53,65,71,89,78,94,65,73,71,68,63,50,56,51,65,70,70,87,78,86,80,65,58,68,63,64,75,84,70,75,72,84,79,84,79,65,74,89,68,77,81,87,88,77,101,82,67
Graffitti Call,0,0,0,0,0,0,0,0,0,0,0,0,0,0,0,0,0,0,0,0,0,0,0,0,0,0,0,0,0,0,1,0,1,0,0,1,6,19,26,12,20,11,16,15,14,14,14,10,38,24,24,35,49,33,18,16,21,22,11,12,32,38,40,23,24,12,19,27,27,33,37,71,22,18,15,29,32,20,32,29,15,10,20,11,15,14,18,9,14,27,34,24,15,22,10,12,7,12,8,12,14,6,5,13,8,21,14,12,11,28,25,9,9,10,7,1,4,1,2,0,4,1,1,10,6,1,3,5,2,0,2,2,7,4,8,11,6,6,5,1,4,6,4,2,4,4,7,5,3,1,1,3,0,4,3,1
Harrassment,79,75,108,86,107,73,87,81,65,57,63,46,64,47,66,71,57,64,76,86,63,59,63,69,79,70,78,75,74,55,53,62,52,69,62,40,56,50,67,77,69,70,71,66,72,60,57,52,60,50,67,68,62,72,69,58,54,71,64,65,65,89,98,95,77,105,82,91,90,103,93,85,60,79,91,74,95,88,102,81,71,68,56,72,57,39,55,63,55,47,68,65,69,47,45,45,44,46,69,74,40,34,62,44,26,40,42,38,45,33,39,66,55,44,50,48,51,37,29,37,42,35,32,29,26,20,31,27,23,23,17,13,20,29,25,22,22,21,33,38,25,33,21,30,35,26,33,25,20,17,25,32,18,24,21,17
Harrassment - Past,14,20,8,19,24,10,9,17,14,19,9,10,6,12,27,17,32,22,13,28,21,22,15,15,22,16,24,24,27,24,29,28,24,23,38,34,21,31,38,28,45,27,32,41,33,38,28,24,33,34,52,30,28,30,38,31,34,40,31,34,40,15,29,22,15,14,26,19,17,14,16,20,18,9,5,11,17,14,16,19,24,15,16,15,16,24,32,17,25,20,21,15,30,17,17,14,8,18,19,23,20,30,36,42,31,29,23,35,39,16,23,24,33,28,38,29,24,23,31,21,31,18,27,25,35,31,26,29,24,26,30,22,25,30,43,30,30,33,36,34,33,25,25,26,41,25,31,28,18,25,20,32,15,25,26,23
Identity Theft,0,0,0,0,0,0,0,0,0,0,0,0,0,0,0,0,0,0,0,0,0,0,0,0,12,10,12,11,27,22,19,18,23,28,20,22,22,23,25,16,14,15,29,15,18,22,18,15,20,24,21,20,11,22,17,14,23,26,20,19,15,15,21,14,13,15,8,13,12,15,12,11,17,22,12,13,16,10,12,13,10,9,14,11,16,16,16,17,21,14,16,19,16,15,13,15,11,15,23,14,23,27,18,25,25,16,25,14,14,16,16,18,15,24,14,24,13,17,9,6,14,11,29,24,17,17,18,21,15,17,13,17,22,29,75,69,20,17,20,18,17,19,11,18,32,30,21,22,18,15,24,15,16,19,9,11
In-Service At Hq,0,0,0,0,0,0,0,0,0,0,0,0,0,0,0,0,0,0,0,0,0,0,0,0,0,0,0,0,0,0,0,0,0,0,0,0,0,0,0,0,0,0,0,0,0,0,0,0,0,0,0,0,0,0,0,0,0,0,0,0,0,0,0,0,0,0,0,0,0,0,0,0,0,0,0,0,0,0,0,0,0,0,0,0,0,0,0,0,0,0,0,0,0,0,0,0,0,0,0,0,0,0,0,0,0,0,0,0,0,0,0,0,0,0,0,0,0,0,0,0,0,0,0,0,0,0,0,1,0,0,0,0,0,0,0,0,0,0,0,1,0,0,0,0,0,0,0,0,0,0,0,0,0,0,0,0
In-Service At Sds,0,0,0,0,0,0,0,0,0,0,0,0,0,0,0,0,0,0,0,0,0,0,0,0,0,0,0,0,0,0,0,0,0,0,0,0,0,0,0,0,0,0,0,0,0,0,0,0,0,0,0,0,0,0,0,0,0,0,0,0,0,0,0,0,0,0,0,0,0,0,0,0,0,0,0,0,0,0,0,0,0,0,0,0,0,0,0,0,0,0,0,0,0,0,0,0,0,0,0,0,0,0,0,0,0,0,0,0,0,0,0,0,0,0,0,0,0,0,0,0,0,0,0,0,0,0,0,0,0,0,0,0,0,0,0,0,0,0,0,0,0,0,0,0,0,0,0,1,0,0,0,0,0,0,0,0
Indecent Exposure,1,5,2,12,6,6,9,4,6,6,9,5,7,5,10,12,10,6,14,9,10,3,8,6,2,7,4,10,6,7,4,7,6,3,7,4,3,4,6,7,9,4,7,9,5,14,12,6,4,6,5,10,3,8,6,10,1,4,2,3,3,7,10,6,6,3,11,8,9,4,4,3,6,1,1,5,10,11,11,6,10,9,5,5,4,7,12,5,12,8,9,13,11,5,15,5,4,5,6,8,5,14,12,12,7,5,4,3,3,6,7,3,7,9,3,10,10,15,5,2,5,5,5,7,8,6,4,4,14,5,2,2,6,8,5,6,4,6,6,5,8,8,8,5,1,4,5,3,2,5,4,2,2,2,1,3
Indecent Exposure - Past,0,1,1,1,2,2,1,0,0,3,0,2,0,1,3,2,1,1,2,3,0,1,0,0,1,1,2,2,1,1,1,2,0,2,0,0,1,2,2,1,1,0,5,1,1,4,1,0,1,2,1,1,2,2,0,2,0,1,1,1,1,2,1,2,1,0,1,2,1,0,0,0,1,0,0,0,2,2,0,0,0,1,0,0,0,0,3,1,2,1,0,1,3,0,0,3,0,0,1,1,0,2,2,1,0,0,1,0,0,0,0,3,2,1,0,1,0,1,0,1,1,0,0,0,0,0,1,1,1,1,0,0,0,1,1,1,1,1,0,0,2,0,0,0,0,0,0,1,2,0,0,0,0,1,2,0
Info Broadcast,0,0,0,0,0,0,0,0,0,0,0,0,0,0,0,0,0,0,0,0,0,0,0,0,0,0,0,0,0,0,0,0,0,0,0,0,0,0,0,0,0,0,0,0,0,0,0,0,0,0,0,0,0,0,0,0,0,0,0,0,0,0,0,0,0,0,0,0,0,0,0,0,0,0,0,0,0,0,0,0,0,0,0,0,0,0,0,0,0,0,0,0,0,0,0,0,0,0,0,0,0,0,0,0,0,0,0,0,0,0,0,0,0,0,0,0,0,0,0,0,0,0,0,0,2,0,1,0,2,0,0,0,0,0,0,0,1,0,1,0,1,1,0,0,0,0,0,0,0,0,0,1,1,1,0,0
Juvenile Situation,0,1,1,0,1,1,0,1,0,0,0,1,1,1,1,0,1,0,0,3,0,0,0,0,1,2,2,2,1,2,5,3,6,4,3,1,1,2,6,2,9,9,6,4,12,9,10,4,2,3,2,5,6,5,7,8,7,4,2,2,6,2,3,5,5,5,5,4,4,6,1,6,8,7,5,14,5,5,7,2,2,1,0,1,0,2,3,4,2,1,2,3,1,5,4,5,4,2,5,3,3,3,1,3,3,4,3,1,1,1,2,3,3,1,4,3,6,1,3,1,3,3,4,8,2,3,7,4,3,1,2,1,1,3,3,8,3,5,2,3,6,3,4,4,6,4,4,1,3,4,3,3,0,4,4,4
Juvenile Situation - Past,0,0,0,0,0,0,0,0,0,0,0,0,0,0,0,0,0,0,0,0,0,0,0,0,0,0,0,0,1,0,0,0,0,0,0,1,0,0,0,0,0,0,0,0,0,0,0,0,0,0,0,0,0,0,0,1,0,1,1,0,0,0,0,0,1,1,0,0,0,0,0,0,0,0,0,0,0,1,0,0,0,2,0,0,0,0,0,0,0,0,0,0,0,0,0,0,0,0,0,0,0,0,1,1,0,0,0,0,0,0,1,0,0,0,0,0,0,1,0,0,0,0,1,1,0,1,0,0,0,0,0,0,0,0,0,0,2,0,0,0,0,0,0,0,0,0,0,0,0,0,0,1,0,0,0,0
Left Without Paying,22,65,95,57,62,48,139,55,60,25,85,94,37,78,43,21,43,34,150,53,47,52,43,35,40,43,46,36,99,107,34,109,52,62,36,34,53,38,49,56,51,60,37,6,14,7,7,15,10,89,11,8,6,33,119,23,52,75,7,11,8,81,1,23,26,16,16,17,13,30,9,9,16,9,18,25,12,12,35,31,22,54,20,48,32,53,240,237,297,143,151,139,77,108,145,50,71,28,51,137,53,219,102,57,45,98,81,59,84,87,29,51,112,108,71,104,151,151,32,56,5,1,16,0,8,1,30,17,1,6,6,0,0,7,9,6,0,9,0,4,6,6,9,5,5,5,0,5,5,1,4,9,9,6,4,3
Liquor Law Violation,10,13,13,21,36,18,22,40,78,42,19,33,20,52,66,66,54,32,46,139,96,80,40,24,23,43,39,28,36,32,30,25,46,58,33,32,26,30,44,29,26,17,25,51,41,64,33,14,17,10,19,55,53,18,21,42,34,42,20,23,12,23,22,19,32,18,18,33,38,32,53,26,35,30,23,22,33,27,30,52,63,37,55,20,36,45,47,23,38,13,20,49,68,55,49,36,31,33,39,51,45,31,48,60,43,22,29,25,19,30,15,18,35,31,35,42,24,30,17,14,23,10,27,17,30,21,11,41,52,27,37,13,31,12,15,22,25,14,36,40,55,40,24,42,30,31,30,23,17,3,18,18,20,44,23,21
Liquor Law Violation - Past,0,0,1,0,1,0,0,0,0,0,0,0,0,0,0,0,0,0,0,0,0,1,0,0,0,0,3,0,0,1,1,0,1,1,0,0,0,0,1,0,0,0,0,0,0,0,0,1,0,0,0,0,0,1,0,0,0,1,0,0,0,0,0,0,0,1,0,1,0,0,1,0,0,0,2,4,0,2,0,0,4,0,3,4,0,1,0,0,0,0,0,2,0,1,1,0,0,0,0,1,0,0,1,0,8,2,0,0,0,0,0,3,0,0,0,0,0,0,0,0,0,0,0,0,0,0,0,0,0,0,0,0,0,0,0,0,0,0,0,0,0,0,0,0,0,0,0,0,0,0,0,0,0,0,0,0
Lost Property,33,37,34,29,39,30,28,35,23,19,18,31,24,25,30,22,25,48,35,54,33,30,33,46,46,45,35,30,45,58,36,55,52,48,37,77,45,60,61,67,47,45,64,54,52,57,35,21,21,25,21,27,20,31,38,25,37,24,20,24,33,24,14,16,25,23,23,23,22,16,15,23,29,21,24,28,17,36,36,16,22,17,16,20,16,11,21,13,23,20,19,20,20,21,16,15,16,18,12,16,26,19,23,18,13,15,23,17,14,21,9,8,21,19,13,18,25,19,2,0,0,0,16,18,21,18,21,16,21,20,12,19,16,11,16,19,21,25,18,22,18,23,20,20,20,18,19,14,11,12,22,21,16,18,16,20
Loud Party,3,6,4,2,12,4,2,5,8,10,7,2,14,12,5,11,6,7,4,10,12,13,10,5,4,4,8,7,1,2,3,5,12,9,9,5,2,4,9,3,4,1,1,3,7,7,0,4,3,1,1,2,3,1,5,4,7,2,1,1,3,0,0,3,2,1,5,1,0,5,7,1,1,4,4,7,5,2,4,3,7,3,2,1,2,3,1,4,0,1,1,0,5,0,0,0,0,0,1,0,1,1,0,2,2,3,2,1,0,0,0,1,0,0,1,2,1,0,2,2,0,1,0,1,0,0,2,1,0,0,0,1,1,1,0,1,0,0,0,3,0,0,0,0,1,0,0,0,0,1,0,2,0,0,1,0
Loud Party - Past,0,0,0,0,0,0,0,0,0,0,0,0,0,0,0,0,0,0,0,0,0,0,0,0,0,0,0,0,0,0,0,0,0,0,0,0,0,0,0,0,0,0,0,0,0,0,0,0,0,0,0,0,0,0,0,0,0,0,0,0,0,0,0,0,0,0,0,0,0,0,0,0,0,0,0,0,0,0,0,0,0,0,0,0,0,0,0,0,0,0,0,0,0,0,0,0,0,0,0,0,0,0,0,0,0,0,0,0,0,0,0,0,0,0,0,0,0,0,0,0,0,0,0,0,0,0,0,0,0,0,0,0,0,0,1,0,0,0,0,0,0,0,0,0,0,0,0,0,0,0,0,0,0,1,0,0
Miscellaneous - Other,246,233,245,238,276,234,273,315,311,244,186,205,232,184,287,254,257,221,229,251,228,213,210,203,257,168,218,190,228,200,193,232,220,190,167,163,210,194,212,191,247,239,224,224,190,208,183,171,199,173,188,236,200,203,205,218,214,225,170,152,166,172,194,181,183,191,159,154,164,196,203,138,141,138,169,177,189,160,165,123,122,122,101,110,82,73,109,107,120,102,106,132,117,125,125,114,109,112,155,112,105,130,140,144,150,143,147,124,147,132,164,156,171,157,183,202,180,179,158,123,162,153,155,173,166,162,177,193,169,168,114,155,138,117,137,167,140,151,162,168,167,186,145,163,135,152,163,127,139,131,106,186,131,107,111,85
Missing Person - Adult,11,18,16,16,23,22,23,24,13,20,14,19,20,26,14,14,9,20,18,14,13,26,21,19,16,16,16,28,20,21,22,25,21,23,25,9,18,15,16,21,23,21,21,20,22,14,13,19,16,13,21,15,21,20,17,18,16,20,14,5,9,10,10,18,17,14,17,14,18,18,15,13,15,13,19,14,13,19,16,24,22,17,21,16,16,14,21,21,26,25,18,16,19,15,19,14,8,19,18,22,33,25,25,10,19,24,17,19,16,16,19,14,22,19,27,22,20,23,22,16,12,12,20,22,15,30,24,17,24,29,16,20,16,14,26,27,14,33,16,24,29,25,24,25,17,11,20,13,13,27,20,25,15,20,13,17
Missing Person - Juvenile,40,25,37,48,47,41,46,32,45,46,39,28,38,39,46,43,46,36,37,35,41,26,32,25,37,19,34,42,33,27,45,41,38,41,36,23,30,25,40,41,45,49,35,27,40,42,27,34,32,32,34,33,36,27,29,25,27,34,26,32,30,29,34,38,28,27,28,47,31,25,28,19,16,19,21,27,39,38,31,25,22,24,33,17,27,19,31,32,44,41,29,38,36,32,28,18,24,21,28,36,30,21,14,34,29,30,26,20,24,14,31,30,26,20,19,21,24,25,26,23,15,18,31,25,25,21,33,19,25,23,15,20,19,21,23,24,26,34,14,21,24,19,18,23,14,17,16,14,22,14,23,18,16,21,20,23
Noise Disturbance,18,18,19,17,16,24,18,11,26,22,18,11,12,24,25,43,18,20,10,17,30,21,22,16,25,22,34,23,12,14,19,12,16,7,11,15,7,12,12,16,15,12,14,15,18,22,10,9,22,6,19,19,18,18,23,23,11,8,10,10,9,12,20,18,10,7,4,13,8,13,12,10,8,14,20,17,17,9,18,8,12,14,4,7,9,4,13,12,8,13,11,7,14,9,9,10,10,18,8,11,16,19,4,13,24,15,19,21,15,8,8,12,19,12,14,11,10,18,6,7,9,8,9,2,12,8,8,8,8,12,9,7,3,5,10,11,8,12,7,13,6,11,7,7,3,7,6,6,7,5,5,2,5,3,4,6
Noise Disturbance - Past,0,0,0,0,1,0,0,0,1,0,0,0,1,1,0,0,0,0,0,1,0,0,0,0,0,1,2,0,0,0,0,0,0,1,0,0,0,0,0,0,0,0,0,0,2,0,1,0,0,0,1,2,0,0,0,1,1,0,0,0,0,0,0,0,0,0,0,0,1,0,0,0,1,1,0,1,0,0,0,0,0,1,0,1,0,0,0,0,0,0,0,0,0,0,0,0,0,0,0,0,0,0,0,0,0,0,0,0,0,0,1,0,0,0,0,0,0,0,0,0,0,0,0,0,0,0,0,0,0,0,0,0,2,1,1,0,1,0,0,0,0,0,0,0,0,0,1,0,0,0,0,0,0,1,0,0
Nuisance,0,0,0,0,0,0,0,0,0,0,0,0,0,0,0,0,0,0,0,0,0,0,0,0,0,0,0,0,0,0,0,0,0,0,0,0,0,0,0,0,0,0,0,0,0,0,0,0,0,0,0,0,0,0,0,0,0,0,0,0,0,0,1,0,0,0,1,1,0,0,0,0,1,0,0,0,1,0,0,0,0,0,0,0,0,0,0,0,0,0,0,0,0,2,0,0,0,0,0,0,0,0,0,0,0,0,0,0,0,0,0,0,0,0,0,0,0,0,0,0,0,0,0,0,0,0,0,0,0,0,0,0,0,0,0,0,0,0,0,0,1,0,1,0,0,0,0,0,1,0,0,0,0,0,0,0
Officer Initiated Incident,0,0,0,0,0,0,0,0,0,0,0,0,0,0,0,0,0,0,0,0,0,0,0,0,0,0,0,0,0,0,0,0,0,0,0,0,0,0,0,0,0,0,0,0,0,0,0,0,0,0,0,0,0,0,0,0,0,0,0,0,0,0,0,0,0,0,0,0,0,0,0,0,0,0,0,0,0,0,0,0,0,0,0,0,0,0,0,0,0,0,0,0,0,0,0,0,0,0,0,0,0,0,0,0,0,0,0,0,0,0,0,0,0,0,0,0,0,0,0,0,0,0,0,0,0,0,0,0,0,0,0,0,0,0,0,0,0,0,0,0,0,0,0,0,0,0,0,0,0,0,0,0,0,0,0,0
Order Protection Violation,14,19,17,13,19,24,24,22,13,17,15,20,11,10,13,15,22,26,16,20,12,13,6,12,8,17,13,22,13,16,14,13,12,23,10,6,10,10,12,14,15,15,10,11,11,8,9,15,15,17,16,15,9,8,13,13,16,22,13,8,16,6,15,13,23,15,5,10,13,8,10,6,6,7,9,14,17,14,13,11,22,8,8,11,6,5,13,6,16,19,13,7,9,18,24,14,14,15,17,20,7,14,12,21,14,18,9,12,12,16,34,8,21,17,21,16,27,16,12,10,6,7,11,15,15,13,7,16,6,19,15,7,13,13,18,17,17,24,19,15,28,15,12,18,19,24,16,10,11,20,16,13,13,12,18,11
Order Protection Violation - Past,11,38,23,41,32,42,42,41,40,36,26,19,31,27,25,31,42,46,42,31,33,32,32,30,23,33,28,41,28,36,26,25,17,19,22,15,19,19,25,29,26,24,20,16,19,25,41,16,34,22,17,21,33,21,32,13,23,28,20,16,23,16,15,26,25,19,13,18,22,18,13,13,13,18,24,18,30,43,16,27,28,22,27,16,14,5,15,26,22,18,10,28,21,28,16,11,14,18,19,11,13,18,24,19,24,14,12,27,13,22,23,27,24,15,20,33,30,19,13,17,24,17,19,17,26,22,22,16,25,25,24,19,26,16,27,27,25,34,28,30,30,20,17,27,20,19,25,31,23,14,25,25,19,21,13,12
Prisoner Transport,1,4,3,5,8,3,6,4,2,2,3,6,5,8,4,12,10,5,4,8,9,2,11,21,12,15,11,10,16,7,9,8,7,15,5,7,6,10,9,7,8,33,35,35,33,21,25,28,26,25,39,32,27,31,32,44,26,42,17,33,31,27,34,24,23,37,41,50,28,43,28,42,32,26,24,35,29,44,44,42,44,22,35,31,37,18,33,17,18,19,15,28,11,16,20,19,14,10,14,19,17,15,16,16,14,13,10,14,7,8,17,18,15,12,15,15,19,19,19,13,7,12,10,15,9,15,8,6,5,8,5,4,8,3,6,5,5,1,4,5,1,5,4,0,2,4,4,2,3,5,5,2,4,6,5,0
Prostitution,1,1,1,0,0,0,5,3,4,5,2,0,0,13,1,13,1,2,0,1,1,2,0,0,1,0,0,1,0,0,0,2,0,1,0,1,0,0,0,0,0,1,1,3,0,1,0,0,0,1,0,1,0,0,4,0,1,2,0,1,0,0,1,5,2,1,0,0,0,0,0,0,0,0,0,3,3,1,1,2,9,0,0,0,0,0,0,0,1,10,2,1,1,0,0,2,1,0,0,0,2,0,1,0,0,4,0,2,0,0,0,0,0,2,0,1,6,6,2,1,0,0,1,0,2,4,0,0,0,1,0,1,0,0,0,0,0,0,0,0,1,2,1,0,0,0,0,0,1,1,1,1,0,0,0,0
Prostitution - Past,0,0,0,0,0,1,0,1,0,0,0,0,0,0,0,0,0,0,0,0,0,0,0,0,0,0,0,0,0,0,0,0,0,0,0,0,0,0,0,0,0,0,0,0,0,0,0,0,0,0,0,0,0,0,0,0,0,0,0,0,0,0,0,0,0,0,0,0,0,0,0,0,0,0,0,0,0,0,0,0,0,0,0,0,0,1,0,0,0,0,0,0,0,0,0,0,0,0,0,0,0,0,0,0,0,0,0,0,0,0,0,0,0,0,0,0,0,0,0,0,0,0,0,0,0,0,0,0,0,0,0,1,0,0,0,1,0,0,0,0,0,0,0,0,0,0,0,0,0,1,0,0,0,0,0,0
Prowler,1,2,4,3,1,2,0,2,4,2,2,2,3,1,1,2,2,0,0,1,2,1,1,0,1,5,2,1,1,1,0,1,1,0,3,2,1,1,3,0,0,3,2,2,0,2,1,1,1,5,2,1,3,0,3,3,0,3,2,1,1,0,1,2,1,1,1,0,3,0,3,0,3,1,2,1,0,0,1,3,1,0,1,1,1,1,1,1,1,0,1,0,0,0,0,0,0,1,0,0,0,0,0,0,0,1,1,0,0,0,0,1,1,0,1,1,0,2,1,0,1,1,1,0,0,1,0,0,0,1,0,0,0,0,0,1,0,1,3,0,0,1,0,0,0,0,0,0,0,1,0,0,3,0,0,0
Prowler - Past,0,0,0,3,0,0,1,1,0,0,0,0,0,0,1,0,0,0,0,0,0,0,0,0,0,0,1,0,0,0,0,1,1,0,0,1,0,0,0,0,1,0,1,0,0,0,1,0,0,2,0,1,0,0,0,0,0,0,0,0,1,0,0,0,0,1,0,0,0,0,0,0,0,1,0,0,0,1,0,0,0,0,0,0,0,0,0,0,0,0,0,0,0,0,0,0,0,0,0,0,0,0,0,0,0,0,0,0,0,0,0,0,0,0,0,0,0,0,0,0,0,1,0,0,0,0,1,1,0,2,0,0,0,0,0,0,0,0,0,1,0,0,0,3,0,0,1,0,0,0,0,1,0,0,0,0
Pursuit - Traffic,1,0,5,0,2,1,1,0,0,0,0,0,0,0,1,0,1,4,0,0,4,0,1,0,0,1,0,0,0,0,2,0,2,0,2,0,0,0,1,0,1,0,0,0,1,1,0,1,0,2,0,0,0,0,1,1,0,0,0,0,2,2,0,1,0,0,1,0,0,1,1,0,0,0,1,3,1,0,0,1,1,1,1,1,0,1,1,1,0,3,9,0,1,1,0,2,1,1,2,0,1,0,1,2,0,1,0,2,1,0,1,0,0,1,4,1,1,2,1,0,0,1,0,1,1,0,1,4,1,1,0,0,1,0,3,0,2,0,1,0,0,2,0,0,0,0,0,2,0,1,1,0,0,2,0,0
Recovered Vehicle,13,11,7,5,10,7,11,7,7,10,13,7,8,6,7,14,8,4,11,11,14,13,7,7,11,4,6,7,6,6,13,5,7,12,14,10,9,16,14,7,15,11,12,7,11,11,5,3,6,4,6,7,3,9,6,16,6,12,8,6,7,8,2,5,3,2,4,9,6,4,4,5,8,2,4,5,6,11,5,8,5,7,6,7,7,7,7,3,6,9,7,8,3,6,9,6,10,6,7,8,8,10,16,19,13,17,13,5,4,7,11,14,10,7,17,13,12,10,14,5,9,12,12,7,20,15,13,13,12,21,7,7,15,13,12,12,17,27,18,15,11,18,22,15,6,24,19,9,15,13,17,18,9,15,23,10
Repossessed Vehicle,69,45,69,46,44,58,54,37,54,44,49,56,74,45,46,48,39,69,40,59,64,57,46,49,44,36,50,62,45,45,52,48,37,44,36,41,37,28,32,42,47,29,36,48,35,41,38,43,62,40,40,49,34,41,36,29,32,20,18,32,29,15,39,23,17,34,23,32,19,24,36,41,38,41,32,19,28,36,28,36,35,31,36,42,36,31,44,35,34,25,41,42,43,35,42,27,34,43,29,39,45,30,49,36,40,59,70,45,70,49,36,36,49,38,49,67,52,64,43,36,51,43,48,44,42,46,51,46,49,32,32,40,43,24,34,23,33,36,36,30,32,28,39,37,36,41,36,36,42,38,32,37,29,28,33,30
Robbery,15,3,9,13,10,8,13,6,13,6,9,8,19,7,4,7,6,8,12,13,12,13,11,12,9,14,14,6,9,6,9,14,23,15,20,29,14,21,23,15,18,21,15,21,10,15,20,15,19,9,16,7,17,12,7,22,21,33,17,18,9,12,10,9,18,23,16,19,20,21,13,22,11,13,17,15,18,23,13,16,20,26,20,19,16,11,18,15,22,9,11,20,20,19,16,19,24,7,18,19,14,12,14,13,18,18,25,23,11,18,21,12,36,26,17,24,19,26,17,21,15,9,20,28,15,25,22,18,28,28,19,24,29,14,16,14,17,18,23,22,24,23,26,21,14,20,20,16,25,17,12,18,17,15,19,19
Robbery - Attempted,3,0,0,1,1,1,0,0,0,0,0,0,0,0,0,1,1,1,2,0,1,0,3,2,0,0,1,0,1,1,0,1,1,0,0,0,0,0,2,0,1,2,0,0,0,0,0,0,3,0,0,1,0,0,1,1,1,1,0,0,2,0,1,0,0,0,1,1,0,0,2,0,1,0,0,2,2,0,1,1,2,1,0,2,0,2,1,0,2,0,1,1,0,2,0,3,3,1,1,0,0,0,1,1,1,1,0,0,3,0,1,1,0,1,2,0,1,1,0,0,2,0,1,0,0,1,0,1,2,1,1,1,1,0,2,1,0,2,2,2,1,0,0,2,1,2,0,0,1,1,0,2,0,0,0,0
Robbery - Past,3,2,5,3,6,3,3,9,10,5,1,1,4,5,5,5,4,4,5,5,2,2,2,6,4,5,8,2,8,9,10,9,8,6,2,5,7,7,10,2,6,13,9,6,6,3,5,3,4,5,2,6,4,6,3,10,6,7,10,5,10,5,6,5,12,4,10,8,9,5,9,9,2,3,4,5,3,7,10,8,7,8,6,5,6,2,7,5,3,7,7,7,3,7,5,5,11,4,4,6,8,4,4,5,7,11,2,3,5,6,2,2,7,7,9,8,9,10,7,3,7,5,10,4,4,3,4,5,5,8,5,3,8,2,8,5,6,10,6,7,5,8,8,8,9,4,2,6,4,4,6,5,4,5,5,4
Rx Forgery,4,1,2,0,1,1,0,0,0,0,1,2,0,2,0,1,0,1,0,1,0,0,0,1,0,3,0,2,1,0,2,0,1,2,1,0,1,0,0,1,1,2,5,3,4,1,1,0,0,1,0,1,1,1,3,2,1,1,2,1,1,1,1,3,0,0,1,0,0,0,3,0,0,0,4,6,3,5,1,2,1,2,1,2,1,0,0,2,1,0,1,3,2,1,1,2,0,2,1,1,1,2,2,2,3,2,1,2,0,0,1,6,3,0,0,0,0,2,0,0,0,2,2,3,2,0,1,4,0,0,1,2,1,0,1,0,0,1,2,0,1,1,0,0,0,0,0,0,0,1,0,0,0,0,4,0
Rx Forgery - Past,1,1,0,0,1,4,1,1,1,2,0,0,0,1,1,1,1,1,0,1,0,2,1,1,1,1,2,2,2,2,2,1,0,0,0,4,3,2,1,4,5,1,5,3,1,2,3,1,0,0,2,0,1,0,1,2,1,5,1,0,0,0,0,1,2,2,2,0,0,1,2,0,0,0,1,2,2,3,1,1,1,0,0,2,0,0,0,0,0,1,0,2,1,0,0,1,1,0,3,1,2,0,1,4,2,2,1,1,0,0,4,3,3,0,3,1,1,1,0,0,0,0,0,0,1,1,2,3,0,0,0,5,0,1,0,0,0,0,0,0,0,0,0,1,0,0,0,0,0,0,0,0,0,0,0,0
Sex Offender Check,0,0,0,0,0,0,0,0,0,0,0,0,0,0,0,0,0,0,0,0,0,0,0,0,0,0,0,0,0,0,0,0,0,0,0,0,0,0,0,0,0,0,0,0,0,0,0,0,0,0,0,0,0,0,0,0,0,0,0,0,0,0,0,0,0,0,0,0,0,0,0,0,0,0,0,0,0,0,0,0,0,0,0,0,0,0,0,0,0,0,0,0,0,0,0,0,0,0,0,0,0,0,0,0,0,0,0,0,0,0,0,0,0,0,0,0,0,0,0,0,0,0,0,0,0,0,0,0,0,0,0,0,0,0,0,0,0,0,0,0,0,0,0,0,0,0,2,0,0,0,0,0,0,0,0,1
Sex Offense - Not Rape,8,11,12,13,12,8,11,11,10,20,6,4,8,6,6,6,5,10,7,4,10,8,6,6,9,5,4,5,6,3,5,8,7,6,4,7,5,5,8,9,3,8,12,4,2,6,3,2,4,5,4,5,3,4,10,3,9,6,3,3,3,2,4,5,6,6,6,5,2,5,4,5,1,6,1,2,8,7,9,4,5,10,1,1,2,3,8,7,9,9,7,7,11,9,3,11,5,5,8,3,10,4,4,7,3,6,8,2,11,2,5,8,8,13,16,15,3,12,5,4,5,3,3,2,8,8,5,4,5,3,3,4,8,8,3,5,4,1,3,10,7,8,3,5,2,3,5,4,5,4,9,8,7,5,3,4
Sex Offense - Not Rape - Past,2,2,6,2,5,7,2,2,8,9,4,0,7,5,6,6,7,5,3,4,6,3,12,11,10,3,6,6,13,16,5,11,11,7,4,9,6,5,7,4,10,7,11,11,11,7,5,6,4,5,5,5,12,8,13,11,10,12,5,9,2,15,9,11,8,13,10,10,10,10,10,8,11,10,11,10,11,9,15,12,11,7,9,3,7,12,10,9,11,17,11,8,14,13,20,11,11,18,11,9,10,11,21,22,6,14,9,8,7,11,14,10,8,11,12,8,8,11,20,7,10,16,13,11,13,14,14,14,16,23,15,16,9,12,8,19,12,16,18,19,9,22,12,12,15,13,11,13,12,14,14,17,14,14,12,7
Shoplifting,108,122,132,115,146,127,108,110,125,124,99,118,90,94,100,94,101,86,100,107,90,75,85,107,88,66,58,51,48,49,51,73,64,57,65,91,61,89,93,104,99,116,123,108,113,127,111,144,112,90,124,89,101,77,108,108,99,132,144,139,121,106,106,134,121,123,138,155,139,149,150,168,132,87,106,104,130,114,120,114,152,134,127,139,153,130,157,156,150,147,161,135,128,131,133,172,135,85,118,114,141,132,128,121,110,152,130,150,158,113,111,102,114,114,128,121,116,109,105,99,105,83,102,116,117,149,152,143,118,113,107,144,133,114,107,89,79,88,112,104,113,103,112,76,98,99,102,85,85,71,45,52,46,49,64,50
Shots Heard,3,2,2,1,6,2,2,2,4,2,2,0,0,1,1,2,0,0,4,1,1,2,4,1,7,5,5,4,1,4,4,1,5,0,2,11,3,0,1,3,8,4,2,3,3,5,3,2,2,2,1,2,3,2,1,6,3,5,3,0,6,2,4,4,2,1,8,7,1,5,4,3,6,3,1,3,4,1,2,0,0,8,3,3,6,1,2,3,6,2,3,3,2,3,2,3,3,0,1,2,4,0,1,2,8,2,1,1,2,5,2,1,7,1,5,1,2,3,1,1,1,0,1,2,2,3,2,2,2,6,3,6,3,3,6,6,8,6,5,2,8,3,4,6,13,6,3,5,13,3,2,7,2,1,6,5
Special Assignment,0,0,0,0,0,0,0,0,0,0,0,0,0,0,0,0,0,0,0,0,0,0,0,0,0,0,0,0,0,0,0,0,0,0,0,0,0,0,0,0,0,0,0,0,0,0,0,0,0,0,0,0,0,0,0,0,0,0,0,0,0,0,0,0,0,0,0,0,0,0,0,0,0,0,0,0,0,0,0,0,0,0,0,0,0,0,0,0,0,0,0,0,0,0,0,0,0,0,0,0,0,0,0,0,0,0,0,0,0,0,0,0,0,0,0,0,0,0,0,0,0,0,1,1,0,1,1,1,1,0,1,0,0,0,0,0,0,1,0,2,1,1,0,1,0,1,0,0,0,0,0,1,1,0,0,1
Stalking,3,3,2,3,1,2,2,3,3,3,1,1,0,4,3,2,5,1,1,2,4,2,4,3,5,6,5,5,3,0,3,10,7,5,4,1,5,4,0,8,1,1,2,2,4,3,3,4,2,1,3,3,1,3,1,3,2,5,2,2,3,4,3,4,5,3,0,3,5,2,6,4,4,1,3,7,2,2,2,1,3,3,2,5,3,3,4,3,3,3,0,3,0,4,3,1,1,3,2,3,2,4,1,3,4,1,2,0,1,2,0,5,2,3,2,4,1,3,2,0,3,1,0,4,1,0,6,2,2,1,0,1,1,0,4,4,6,3,2,3,3,2,2,2,0,2,0,3,0,3,3,2,5,1,5,3
Stalled Vehicle,0,5,3,2,2,2,3,4,3,4,5,1,1,4,4,1,7,2,1,5,3,3,3,6,1,4,3,3,2,6,1,4,2,4,2,3,4,2,2,6,4,1,1,6,1,2,2,3,6,6,1,1,4,2,3,1,2,0,0,1,4,1,2,4,3,4,2,4,1,4,2,2,3,2,2,0,3,2,0,1,1,2,1,2,4,4,2,5,2,2,5,1,0,2,3,0,1,1,4,1,2,1,0,1,2,1,0,3,3,1,1,2,1,1,2,1,2,3,2,3,3,1,1,1,2,1,1,1,1,0,0,1,6,0,1,0,2,3,0,3,0,2,0,0,3,0,2,1,0,1,2,0,1,2,1,0
Stealing,77,65,78,59,73,68,77,73,62,71,63,58,55,61,65,71,73,69,87,66,62,70,60,58,67,88,93,122,157,135,99,120,90,122,104,120,92,82,115,151,144,132,135,152,138,138,112,134,127,94,124,105,155,122,144,133,142,139,119,104,121,149,134,156,163,151,118,161,149,149,176,148,144,118,137,138,156,181,177,194,166,169,147,176,159,91,158,180,224,202,258,204,155,194,208,206,207,164,199,240,250,191,229,218,173,202,190,147,184,188,198,170,223,186,208,241,211,204,251,252,222,214,209,196,209,215,236,245,251,233,196,234,212,170,146,172,201,208,224,227,249,242,206,263,215,218,209,183,197,189,199,231,172,156,165,137
Stealing - Past,635,497,651,567,621,599,692,656,571,540,507,497,538,429,551,658,598,665,693,780,767,837,690,703,490,417,439,387,439,424,404,435,416,419,381,371,343,293,365,313,396,350,367,359,354,330,289,293,268,232,254,315,284,334,321,352,301,356,283,276,263,202,260,258,278,296,298,318,280,283,273,242,267,209,239,296,356,390,337,347,306,322,326,236,265,226,384,329,290,293,341,342,329,326,311,311,302,293,279,368,375,347,334,439,321,324,320,319,325,297,288,370,379,367,388,384,346,392,221,212,235,209,251,266,303,286,296,302,304,316,239,247,255,244,263,269,297,299,286,324,347,346,290,313,269,276,270,226,286,241,234,271,239,198,227,231
Stealing From A Vehicle,0,0,0,0,0,0,0,0,0,0,0,0,0,0,0,0,0,0,0,0,0,0,0,0,36,29,44,64,90,100,123,130,104,147,121,106,107,91,97,108,102,102,120,120,151,132,107,121,112,92,83,80,106,117,143,196,149,141,164,108,121,129,98,125,133,144,116,157,157,138,150,143,128,111,160,174,196,192,170,233,197,155,152,157,151,90,101,109,151,172,127,124,97,144,129,126,103,59,75,87,130,109,109,102,92,117,89,63,118,77,85,84,78,96,80,74,80,74,105,97,78,52,59,51,85,64,82,91,101,94,46,69,80,46,45,74,70,111,119,106,102,105,72,64,80,75,75,81,62,47,78,104,85,137,123,88
Stealing From A Vehicle - Past,0,0,0,0,0,0,0,0,0,0,0,0,0,0,0,0,0,0,0,0,0,0,0,0,57,44,70,95,107,84,133,107,116,132,111,97,108,109,121,129,141,116,136,139,175,172,157,179,136,108,127,143,146,136,200,233,229,246,241,164,116,138,112,98,133,124,106,116,108,102,121,103,104,90,116,130,168,124,156,141,139,166,161,177,148,112,124,175,157,138,160,188,156,176,214,167,132,104,99,177,141,179,145,216,139,178,183,196,225,175,189,213,174,182,178,208,207,225,178,167,125,77,143,140,170,154,170,163,226,265,178,162,127,114,127,213,210,231,217,226,258,261,230,195,171,157,157,164,139,136,169,229,199,276,310,238
Suicide,8,11,13,7,9,9,16,9,15,3,3,3,6,2,7,1,7,2,2,2,1,1,4,4,1,1,1,1,3,2,3,3,2,1,2,0,2,1,1,0,2,1,4,3,5,3,4,0,2,1,1,2,0,1,2,1,2,2,2,3,0,1,2,2,1,0,1,0,0,2,2,0,1,0,0,1,0,2,2,2,1,0,0,0,2,1,0,2,1,2,2,1,1,1,0,1,0,1,0,0,1,0,0,2,0,0,0,1,1,0,1,1,2,1,0,0,1,0,0,0,1,0,0,0,0,1,0,0,0,0,1,2,0,1,2,0,1,1,1,1,1,3,1,0,0,1,0,1,0,1,0,1,1,1,0,0
Suicide Attempt,4,4,4,2,2,4,3,5,7,2,14,7,8,7,5,6,16,10,7,9,4,10,8,6,6,10,8,13,5,4,9,6,9,8,8,5,4,13,11,14,15,11,10,14,6,8,8,9,9,6,16,10,12,7,7,13,10,7,3,4,2,5,6,6,5,4,5,8,4,1,3,1,5,2,3,3,7,5,9,8,4,1,3,5,4,2,4,3,2,4,4,6,6,3,3,1,1,2,2,2,2,4,7,1,3,1,1,5,2,2,0,3,1,5,0,1,7,2,0,0,0,0,0,0,1,1,0,0,0,1,0,2,1,0,0,0,1,0,0,1,1,0,0,0,1,0,0,1,0,0,0,1,0,0,0,0
Suicide Attempt - Comb,9,0,0,0,0,0,0,0,0,0,0,0,0,0,0,0,0,0,0,0,0,0,0,0,0,0,0,0,0,0,0,0,0,0,0,0,0,0,0,0,0,0,0,0,0,0,0,0,0,0,0,0,0,0,0,0,0,0,0,0,0,0,0,0,0,0,0,0,0,0,0,0,0,0,0,0,0,0,0,0,0,0,0,0,0,0,0,0,0,0,0,0,0,0,0,0,0,0,0,0,0,0,0,0,0,0,0,0,0,0,0,0,0,0,0,0,0,0,0,0,0,0,0,0,0,0,0,0,0,0,0,0,0,0,0,0,0,0,0,0,0,0,0,0,0,0,0,0,0,0,0,0,0,0,0,0
Terrorist Threat,0,0,0,0,0,0,0,0,0,0,0,0,0,0,0,0,0,0,0,0,0,0,0,0,0,0,0,0,0,0,0,0,0,0,0,0,0,0,0,0,0,0,0,0,0,0,0,0,0,0,0,0,0,0,0,0,0,0,0,0,0,0,0,0,0,0,0,0,0,0,0,0,0,0,0,0,0,0,0,0,0,0,0,0,0,0,0,1,0,0,0,0,1,0,0,0,0,0,0,0,0,0,0,0,0,0,0,0,0,0,0,0,0,0,0,0,0,0,0,0,0,1,0,0,0,0,0,0,1,0,0,0,0,0,0,0,0,0,0,0,0,0,0,0,0,0,0,0,0,0,0,0,0,0,0,0
Terrorist Threat - Past,0,0,0,0,0,0,0,0,0,0,0,0,0,0,0,0,0,0,0,0,0,0,0,0,0,0,0,0,0,0,0,0,0,0,0,0,0,0,0,0,0,0,0,0,0,1,1,0,0,0,0,0,0,0,0,0,0,0,0,0,0,0,0,0,0,0,0,0,0,0,0,0,0,0,0,0,0,0,0,0,0,0,0,0,0,0,0,0,0,0,0,0,0,0,0,0,0,0,0,0,0,0,0,1,0,0,0,0,0,0,0,0,0,0,0,0,0,0,0,0,0,0,0,0,0,0,0,0,0,0,0,0,0,0,0,0,0,0,1,0,0,0,0,0,0,0,0,0,0,0,0,0,0,0,0,0
Traffic Control,0,0,0,0,0,0,0,0,0,0,0,0,0,0,0,0,0,0,0,0,0,0,0,0,0,0,0,0,0,0,0,0,0,0,0,0,0,0,0,0,0,0,0,0,0,0,0,0,0,0,0,0,0,0,0,0,0,0,0,0,0,0,0,0,0,0,0,0,0,0,0,0,0,0,0,0,0,0,0,0,0,0,0,0,0,0,0,0,0,0,0,0,0,0,0,0,0,0,0,0,0,0,0,0,0,0,0,0,0,0,0,0,0,0,0,0,0,0,0,0,3,2,0,0,1,3,0,0,0,0,0,1,0,1,1,2,1,2,0,3,0,2,0,2,0,0,1,2,0,0,0,0,0,0,0,0
Traffic Enforcement,0,0,0,0,0,0,0,0,0,0,0,0,0,0,0,0,0,0,0,0,0,0,0,0,0,0,0,0,0,0,0,0,0,0,0,0,0,0,0,0,0,0,0,0,0,0,0,0,0,0,0,0,0,0,0,0,0,0,0,0,0,0,0,0,0,0,0,0,0,0,0,0,0,0,0,0,0,0,0,0,0,0,0,0,0,0,0,0,0,0,0,0,0,0,0,0,0,0,0,0,0,0,0,0,0,0,0,0,0,0,0,0,0,0,0,0,0,0,0,0,0,0,0,0,0,0,0,0,0,0,0,0,0,0,0,0,0,0,0,0,0,0,0,0,0,0,1,1,0,0,0,0,0,0,0,0
Traffic Violation - Moving,19,12,15,8,6,9,10,8,8,6,11,8,14,5,7,11,11,11,7,6,8,7,7,12,9,8,5,12,10,12,6,8,7,5,3,8,3,5,3,2,4,1,7,5,10,3,3,0,3,3,2,4,5,2,4,2,2,1,2,1,2,1,1,2,1,2,1,3,1,4,5,0,0,1,3,3,2,2,0,2,5,3,4,1,1,3,2,0,0,1,1,0,3,1,3,3,1,5,1,2,6,2,3,3,2,0,2,1,3,1,0,3,2,4,1,5,1,0,5,3,2,2,3,7,3,4,7,10,10,2,5,7,3,4,5,1,3,8,3,5,1,5,5,5,3,3,3,3,1,2,3,6,2,2,1,2
Traffic Violation - Non-Moving,9,7,6,13,12,8,8,10,11,11,7,5,4,7,12,4,4,4,9,7,5,4,4,12,4,11,3,6,5,5,4,5,4,5,4,11,7,6,5,7,5,5,5,7,10,7,6,4,5,3,8,6,11,2,7,8,12,2,7,5,6,0,0,3,3,3,2,2,4,1,2,5,3,4,3,5,1,2,4,4,4,6,6,12,4,5,8,6,5,6,3,4,3,4,3,6,2,6,4,5,5,8,5,5,2,2,1,6,10,8,2,2,3,2,5,2,5,2,4,3,1,1,1,3,2,1,3,8,2,3,2,3,2,8,2,6,7,5,4,3,4,3,7,14,3,3,5,6,9,7,1,9,2,2,4,7
Train Emergency,0,0,0,0,0,0,0,0,0,0,0,0,0,0,0,0,0,0,0,0,0,0,0,0,0,0,0,0,0,0,0,0,0,0,0,0,0,0,0,0,0,0,0,0,0,0,0,0,0,0,0,0,0,0,2,0,0,0,0,0,1,0,0,0,0,0,0,0,0,0,0,0,0,0,0,0,0,0,0,0,0,0,0,0,0,0,0,0,0,0,0,0,0,1,0,0,0,0,0,0,0,0,0,0,0,0,0,0,0,0,0,0,0,0,0,0,0,0,0,0,0,0,0,0,0,0,0,0,0,0,0,0,0,0,0,0,0,0,0,0,0,0,0,0,0,0,0,0,0,0,0,0,0,0,0,0
Trespassing,9,8,17,19,18,12,16,20,22,17,12,10,22,7,9,16,14,25,29,13,11,17,8,14,11,9,11,14,20,18,18,28,22,14,17,22,18,20,21,26,37,25,21,34,28,23,18,12,24,18,9,23,20,20,28,28,44,27,21,17,17,22,27,16,34,37,27,25,30,20,39,19,13,23,40,35,31,31,21,37,32,28,23,28,22,11,26,35,29,38,36,32,41,43,36,25,18,27,40,42,41,41,44,42,50,53,36,42,29,29,56,36,41,31,32,38,40,31,33,23,31,31,43,27,52,35,38,42,51,33,30,28,40,25,23,28,37,42,35,31,35,22,30,31,26,21,37,38,33,28,36,38,26,20,29,22
Trespassing - Past,6,7,3,4,6,1,20,8,18,8,5,10,8,14,9,11,11,10,19,12,14,18,10,4,8,7,14,10,9,7,13,3,10,6,8,3,5,4,5,5,5,9,7,6,9,8,3,1,5,3,2,6,3,0,7,14,5,2,2,3,3,5,6,3,3,3,1,4,5,6,4,3,4,1,5,4,3,3,5,5,5,5,4,3,4,8,4,11,8,3,6,5,4,11,8,6,5,5,6,11,8,5,9,5,4,6,9,7,2,1,5,3,5,2,5,4,12,7,6,3,7,1,3,5,3,2,4,4,2,7,1,0,4,2,5,2,0,0,4,3,3,4,3,2,2,2,1,1,2,3,1,9,5,4,2,2
Vandalism,63,37,64,47,55,65,60,77,58,56,45,60,37,31,50,48,38,47,52,53,45,47,45,59,58,74,62,77,73,78,69,50,68,76,78,74,56,38,96,87,113,72,101,74,91,82,63,65,83,74,58,81,80,78,101,79,89,80,82,61,94,75,105,85,74,77,103,97,82,99,89,98,66,49,92,79,86,107,106,107,91,71,73,87,68,56,80,90,98,109,106,102,86,92,85,75,61,59,82,118,115,77,111,93,92,86,88,75,77,79,85,101,184,93,98,71,71,71,71,32,53,53,60,83,72,89,76,69,65,73,52,51,52,41,50,76,79,85,87,70,72,82,70,67,68,61,95,78,69,67,71,85,49,62,66,50
Vandalism - Past,225,100,148,105,154,180,169,198,139,184,177,116,124,127,146,142,142,125,153,180,193,169,147,146,160,158,138,139,144,139,160,179,166,169,164,152,108,86,126,102,145,124,170,164,154,161,151,143,164,132,103,109,148,106,132,129,123,153,114,113,131,66,130,122,89,92,99,91,110,86,90,76,69,52,66,90,86,63,73,100,74,63,76,56,64,47,83,76,80,71,97,66,77,77,88,82,66,50,61,70,86,82,64,78,84,74,75,85,66,63,61,79,140,71,78,62,77,81,75,59,46,51,50,69,85,72,86,98,78,84,68,49,53,58,74,88,74,76,79,82,89,77,77,47,53,66,74,54,81,75,68,82,57,59,71,55
Vehicle Accident - Fatal,0,0,0,0,0,0,2,0,0,0,0,2,1,0,0,0,0,0,0,0,0,0,1,2,0,0,1,0,1,0,1,0,0,1,2,0,0,0,1,0,0,1,0,0,0,1,1,1,0,1,0,0,2,0,0,1,1,2,0,2,0,0,0,0,0,0,0,0,0,0,0,1,0,1,0,2,0,0,0,0,0,1,0,1,0,1,0,0,0,0,0,0,0,1,0,0,1,1,0,0,1,1,1,2,1,2,1,0,0,0,0,0,0,0,0,0,0,0,1,0,0,0,1,0,0,0,0,1,1,1,1,0,0,1,2,0,0,0,0,1,0,0,0,0,0,0,0,0,0,0,0,2,0,0,0,0
Vehicle Accident - Injury,55,71,67,107,103,82,114,90,99,89,84,87,69,76,95,104,99,106,79,106,96,113,85,69,98,89,99,80,110,106,109,138,136,130,94,97,115,84,131,127,117,124,128,123,112,131,129,130,117,70,97,116,144,125,112,121,137,121,104,115,76,116,90,112,128,107,115,109,122,134,109,125,107,90,96,129,121,130,115,109,139,137,144,139,90,77,117,100,124,106,119,106,131,138,113,125,79,76,111,118,124,97,116,129,112,114,93,110,94,94,98,98,125,110,112,97,118,123,94,80,94,79,84,107,101,118,117,128,122,133,104,104,74,90,81,102,111,123,108,137,142,142,105,126,105,116,110,111,110,107,89,120,105,97,108,82
Vehicle Accident - Injury - Comb,24,0,0,0,0,0,0,0,0,1,0,0,0,0,0,0,2,0,0,0,0,0,0,0,0,0,0,0,0,0,0,0,0,0,0,0,0,0,0,0,0,0,0,0,0,0,0,0,0,0,0,0,0,0,0,0,0,0,0,0,0,0,0,0,0,0,0,0,0,0,0,0,0,0,0,0,0,0,0,0,0,0,0,0,0,0,0,0,0,0,0,0,0,0,0,0,0,0,0,0,0,0,0,0,0,0,0,0,0,0,0,0,0,0,0,0,0,0,0,0,0,0,0,0,0,0,0,0,0,0,0,0,0,0,0,0,0,0,0,0,0,0,0,0,0,0,0,0,0,0,0,0,0,0,0,0
Vehicle Accident - Left The Scene,68,59,67,57,72,61,66,73,67,74,69,93,86,73,72,87,77,80,81,79,84,89,79,73,91,93,111,103,85,65,87,98,121,107,104,142,142,104,126,101,108,103,99,103,106,110,108,136,97,120,103,105,111,131,99,116,102,106,99,132,93,90,100,115,124,99,86,103,128,109,108,123,111,91,77,113,94,92,103,99,122,109,102,89,87,95,106,106,105,97,89,105,134,95,102,110,102,105,99,99,99,85,74,114,127,101,102,109,118,110,119,106,128,121,109,139,118,110,110,130,118,86,112,86,114,113,116,111,102,123,111,112,110,116,106,111,130,115,128,130,131,117,111,114,120,97,132,99,100,72,105,119,105,94,96,114
Vehicle Accident - Non-Injury,526,418,532,561,530,492,495,494,495,619,575,519,486,494,524,525,568,566,498,536,494,562,514,532,483,444,485,524,574,441,443,472,545,637,515,521,600,498,492,502,515,494,480,552,482,570,484,482,476,407,424,465,470,463,393,438,472,499,454,522,399,426,452,474,465,405,419,426,452,524,445,476,401,383,375,436,389,370,473,403,486,499,489,463,428,341,382,438,489,401,362,467,480,469,443,479,339,406,487,440,435,386,415,467,428,506,483,428,424,412,398,435,464,375,390,420,468,477,437,376,301,334,340,377,422,330,282,199,210,263,197,245,237,229,231,185,221,238,212,203,202,214,192,220,210,170,187,161,160,161,145,169,171,166,184,143
Vehicle Accident - Past,140,150,171,184,156,149,139,154,138,148,134,135,115,99,129,121,80,106,134,149,137,133,111,144,100,117,119,154,125,135,97,127,117,110,90,108,120,126,119,88,118,92,62,117,85,90,75,111,86,106,78,77,84,77,87,80,81,102,80,107,87,86,90,82,92,85,71,63,76,88,64,65,97,90,76,91,98,77,75,89,60,83,83,72,88,136,77,68,60,51,59,86,68,83,57,81,61,33,55,40,56,55,45,51,49,51,44,42,32,39,50,27,45,24,45,47,31,34,47,111,93,107,52,42,78,53,83,152,165,213,130,136,128,106,106,157,144,114,120,180,215,176,191,182,160,147,179,141,131,131,125,159,115,111,129,135
Vehicle Maintenance,0,0,0,0,0,0,0,0,0,0,0,0,0,0,0,0,0,0,0,0,0,0,0,0,0,0,0,0,0,0,0,0,0,0,0,0,0,0,0,0,0,0,0,0,0,0,0,0,0,0,0,0,0,0,0,0,0,0,0,0,0,0,0,0,0,0,0,0,0,0,0,0,0,0,0,0,0,0,0,0,0,0,0,0,0,0,0,0,0,0,0,0,0,0,0,0,0,0,0,0,0,0,0,0,0,0,0,0,0,0,0,0,0,0,0,0,0,0,0,0,0,0,1,1,0,0,0,0,0,0,0,0,0,0,0,0,0,0,0,0,0,0,0,0,0,0,0,0,0,0,0,0,0,0,0,0
Warrant - Arrest,263,273,318,323,280,286,289,361,298,325,309,306,369,337,411,386,303,316,370,338,295,367,386,345,371,332,287,363,422,391,370,361,299,336,324,275,338,294,336,310,372,308,377,402,357,354,290,249,377,347,332,375,343,311,336,315,301,281,290,285,374,286,297,284,261,240,267,256,225,200,197,228,258,246,262,314,277,302,287,295,258,215,218,240,273,233,323,325,325,373,409,354,345,313,357,412,397,374,411,375,378,359,413,317,372,359,335,320,347,321,336,336,345,340,366,364,395,354,254,297,371,312,335,346,298,312,345,334,321,351,295,338,383,266,365,272,288,314,287,315,251,282,323,267,289,324,407,304,334,292,269,350,218,298,235,217
Warrant - Search,35,25,23,10,12,15,12,9,24,15,14,5,17,15,28,13,8,14,6,8,24,17,16,14,23,17,13,22,22,11,12,13,20,15,11,9,12,19,16,8,24,9,11,14,10,8,4,14,10,9,1,7,1,7,11,4,10,8,14,19,19,10,10,12,7,5,4,6,10,8,5,4,7,5,13,3,2,2,3,7,7,3,5,8,5,4,13,7,2,5,2,4,4,8,5,5,12,11,10,9,1,12,10,6,4,3,7,9,7,12,6,8,5,7,3,5,8,6,7,6,9,6,5,18,5,7,6,5,7,5,10,9,15,9,11,4,2,2,7,7,6,9,5,8,8,10,14,9,9,7,7,5,4,11,5,4
